bullet1 226 311 15 4
bullet2 226 317 15 4
Coin1 218 370 24 24
Coin2 226 259 22 24
Coin3 236 1 12 24
Coin4 236 53 4 24
Coin5 236 27 12 24
Coin6 226 285 22 24
Enemy 166 771 67 56
Explosion1 1 749 61 69
Explosion2 177 618 68 76
Explosion3 93 671 75 83
Explosion4 93 580 82 89
Explosion5 97 481 89 97
Explosion6 1 376 96 103
Explosion7 1 481 94 97
Explosion8 1 259 108 115
Explosion9 111 259 113 109
Explosion10 111 370 105 109
Explosion11 1 580 90 93
Explosion12 1 675 64 72
Explosion13 170 696 64 73
Explosion14 188 481 60 74
Explosion15 188 557 58 59
Helicopter1 64 756 100 71
Helicopter2 1 829 100 71
Helicopter3 103 829 100 71
Helicopter4 1 902 100 71
Helicopter5 103 902 100 71
Helicopter6 1 975 100 71
Helicopter7 103 975 100 71
Helicopter8 1 1048 100 71
Helicopter9 103 1048 100 71
Rock 1 1 233 256
